              precision    recall  f1-score   support

           0       1.00      1.00      1.00        36
           1       0.92      0.94      0.93        36
           2       1.00      1.00      1.00        35
           3       1.00      0.97      0.99        37
           4       1.00      1.00      1.00        36
           5       1.00      1.00      1.00        37
           6       1.00      0.97      0.99        36
           7       0.97      1.00      0.99        36
           8       0.94      0.89      0.91        35
           9       0.95      1.00      0.97        36

    accuracy                           0.98       360
   macro avg       0.98      0.98      0.98       360
weighted avg       0.98      0.98      0.98       360
